3.750000e-03
-2.500000e-03
5.000000e-03
-3.125000e-03
3.125000e-03
-1.875000e-03
3.125000e-03
-3.750000e-03
4.375000e-03
-3.125000e-03
3.750000e-03
-3.125000e-03
5.000000e-03
-2.500000e-03
-2.500000e-03
4.375000e-03
-2.500000e-03
4.375000e-03
4.375000e-03
-1.875000e-03
-3.125000e-03
3.750000e-03
4.375000e-03
-3.125000e-03
3.750000e-03
-3.750000e-03
4.375000e-03
-3.125000e-03
5.625000e-03
-3.125000e-03
4.375000e-03
-2.500000e-03
-2.500000e-03
3.125000e-03
3.125000e-03
-2.500000e-03
3.750000e-03
-2.500000e-03
3.750000e-03
-5.000000e-03
-3.125000e-03
3.750000e-03
3.750000e-03
-2.500000e-03
-2.500000e-03
4.375000e-03
3.125000e-03
-2.500000e-03
3.125000e-03
-3.125000e-03
-3.125000e-03
4.375000e-03
4.375000e-03
-2.500000e-03
-1.875000e-03
5.000000e-03
3.750000e-03
-2.500000e-03
2.500000e-03
-3.750000e-03
3.750000e-03
-1.875000e-03
-1.875000e-03
6.250000e-03
5.000000e-03
-1.875000e-03
3.750000e-03
-2.500000e-03
-2.500000e-03
5.000000e-03
4.375000e-03
-1.875000e-03
-1.875000e-03
4.375000e-03
5.000000e-03
-3.125000e-03
4.375000e-03
-3.125000e-03
3.125000e-03
-3.125000e-03
-3.125000e-03
3.125000e-03
-2.500000e-03
4.375000e-03
-2.500000e-03
5.000000e-03
5.000000e-03
-2.500000e-03
-2.500000e-03
3.750000e-03
-2.500000e-03
4.375000e-03
-1.875000e-03
5.000000e-03
5.000000e-03
-1.875000e-03
4.375000e-03
-3.125000e-03
-3.125000e-03
3.750000e-03
-3.125000e-03
4.375000e-03
-1.875000e-03
6.250000e-03
-1.875000e-03
5.000000e-03
3.750000e-03
-3.750000e-03
-2.500000e-03
3.750000e-03
-3.125000e-03
5.625000e-03
-1.875000e-03
4.375000e-03
-1.875000e-03
5.625000e-03
3.750000e-03
-3.750000e-03
3.125000e-03
-3.125000e-03
4.375000e-03
-3.125000e-03
5.000000e-03
-1.875000e-03
-1.250000e-03
7.500000e-03
4.375000e-03
-3.125000e-03
-2.500000e-03
4.375000e-03
-2.500000e-03
3.125000e-03
5.625000e-03
-1.250000e-03
-3.125000e-03
5.625000e-03
4.375000e-03
-2.500000e-03
5.625000e-03
-4.375000e-03
3.750000e-03
-2.500000e-03
-3.125000e-03
5.000000e-03
-1.875000e-03
5.000000e-03
3.125000e-03
-3.125000e-03
3.125000e-03
-2.500000e-03
4.375000e-03
-3.125000e-03
-1.875000e-03
5.625000e-03
-2.500000e-03
3.125000e-03
5.625000e-03
-3.125000e-03
4.375000e-03
-3.125000e-03
-2.500000e-03
5.625000e-03
-1.875000e-03
4.375000e-03
-2.500000e-03
5.000000e-03
-1.875000e-03
3.125000e-03
-3.125000e-03
3.125000e-03
-3.750000e-03
3.750000e-03
-3.750000e-03
5.625000e-03
5.000000e-03
-1.875000e-03
3.750000e-03
-4.375000e-03
-1.875000e-03
3.125000e-03
-5.000000e-03
4.375000e-03
-1.875000e-03
6.875000e-03
5.000000e-03
-1.875000e-03
-3.125000e-03
5.000000e-03
-3.125000e-03
5.000000e-03
4.375000e-03
-2.500000e-03
-2.500000e-03
3.750000e-03
-2.500000e-03
5.000000e-03
-2.500000e-03
5.000000e-03
3.750000e-03
-2.500000e-03
-3.125000e-03
3.750000e-03
-1.875000e-03
5.625000e-03
-1.250000e-03
6.250000e-03
5.000000e-03
-3.125000e-03
-3.125000e-03
5.000000e-03
3.750000e-03
-3.125000e-03
5.000000e-03
-3.125000e-03
5.000000e-03
-1.250000e-03
3.750000e-03
-2.500000e-03
3.125000e-03
-3.125000e-03
4.375000e-03
-3.125000e-03
5.625000e-03
-1.875000e-03
-1.875000e-03
4.375000e-03
3.750000e-03
-3.125000e-03
5.625000e-03
-2.500000e-03
-1.250000e-03
6.875000e-03
-6.250000e-04
6.875000e-03
5.625000e-03
0.000000e+00
5.625000e-03
-1.875000e-03
-1.875000e-03
4.375000e-03
-3.750000e-03
5.000000e-03
-1.875000e-03
5.000000e-03
5.000000e-03
-1.875000e-03
-2.500000e-03
5.000000e-03
3.750000e-03
-1.875000e-03
5.625000e-03
-5.000000e-03
3.750000e-03
-1.875000e-03
5.625000e-03
-3.125000e-03
2.500000e-03
-3.750000e-03
2.500000e-03
-3.125000e-03
-3.750000e-03
5.000000e-03
-6.250000e-04
5.625000e-03
-6.250000e-04
6.875000e-03
5.000000e-03
-2.500000e-03
-2.500000e-03
3.750000e-03
-4.375000e-03
3.125000e-03
5.000000e-03
-3.750000e-03
-4.375000e-03
3.750000e-03
2.500000e-03
-6.250000e-03
2.500000e-03
-4.375000e-03
-3.750000e-03
2.500000e-03
4.375000e-03
-3.125000e-03
-1.875000e-03
5.625000e-03
5.625000e-03
-1.875000e-03
4.375000e-03
-1.875000e-03
5.000000e-03
-1.875000e-03
6.875000e-03
-6.250000e-04
6.875000e-03
-1.875000e-03
5.000000e-03
-1.875000e-03
4.375000e-03
-1.875000e-03
-1.250000e-03
5.625000e-03
-1.875000e-03
5.000000e-03
-1.250000e-03
5.000000e-03
2.500000e-03
-4.375000e-03
2.500000e-03
-3.750000e-03
-3.125000e-03
3.125000e-03
4.375000e-03
-3.750000e-03
4.375000e-03
-1.875000e-03
-3.750000e-03
5.000000e-03
4.375000e-03
-3.750000e-03
3.125000e-03
-3.750000e-03
6.250000e-03
-1.875000e-03
5.000000e-03
-6.250000e-04
5.000000e-03
-3.750000e-03
5.000000e-03
-3.750000e-03
4.375000e-03
-4.375000e-03
-1.875000e-03
4.375000e-03
-1.875000e-03
5.000000e-03
6.250000e-03
-3.125000e-03
-2.500000e-03
4.375000e-03
-1.875000e-03
3.750000e-03
-6.250000e-04
6.250000e-03
-1.875000e-03
5.625000e-03
-2.500000e-03
4.375000e-03
-2.500000e-03
3.750000e-03
-2.500000e-03
4.375000e-03
-6.250000e-04
4.375000e-03
-1.875000e-03
5.625000e-03
6.250000e-03
-1.875000e-03
-2.500000e-03
5.000000e-03
-2.500000e-03
5.625000e-03
5.625000e-03
-1.875000e-03
5.625000e-03
-2.500000e-03
5.000000e-03
-2.500000e-03
-2.500000e-03
3.750000e-03
-2.500000e-03
4.375000e-03
-3.125000e-03
6.250000e-03
-1.250000e-03
4.375000e-03
-3.125000e-03
5.000000e-03
3.125000e-03
-3.750000e-03
-3.750000e-03
3.125000e-03
-1.250000e-03
5.625000e-03
-3.750000e-03
5.000000e-03
4.375000e-03
-3.750000e-03
3.750000e-03
-3.125000e-03
4.375000e-03
-3.125000e-03
3.750000e-03
-2.500000e-03
4.375000e-03
-2.500000e-03
5.000000e-03
-3.125000e-03
-2.500000e-03
5.000000e-03
-3.750000e-03
5.625000e-03
5.000000e-03
-1.250000e-03
-1.250000e-03
5.625000e-03
4.375000e-03
-2.500000e-03
5.625000e-03
-3.125000e-03
-1.250000e-03
4.375000e-03
-1.875000e-03
6.250000e-03
5.625000e-03
-6.250000e-04
-1.875000e-03
5.000000e-03
-2.500000e-03
3.750000e-03
-3.125000e-03
3.750000e-03
-2.500000e-03
5.000000e-03
5.000000e-03
-1.250000e-03
4.375000e-03
-3.125000e-03
4.375000e-03
-1.875000e-03
-2.500000e-03
4.375000e-03
5.625000e-03
-1.875000e-03
-1.875000e-03
4.375000e-03
-2.500000e-03
4.375000e-03
-2.500000e-03
3.750000e-03
4.375000e-03
-2.500000e-03
-3.125000e-03
5.625000e-03
-1.250000e-03
4.375000e-03
4.375000e-03
-2.500000e-03
-3.125000e-03
4.375000e-03
4.375000e-03
-2.500000e-03
-3.125000e-03
4.375000e-03
3.750000e-03
-1.875000e-03
4.375000e-03
-2.500000e-03
5.625000e-03
-1.875000e-03
5.000000e-03
-3.125000e-03
5.625000e-03
-1.250000e-03
-2.500000e-03
6.250000e-03
3.750000e-03
-3.125000e-03
6.250000e-03
-2.500000e-03
5.000000e-03
-3.125000e-03
2.500000e-03
-2.500000e-03
-3.125000e-03
5.000000e-03
-1.250000e-03
5.000000e-03
-1.875000e-03
4.375000e-03
3.750000e-03
-3.125000e-03
3.750000e-03
-1.250000e-03
3.750000e-03
-2.500000e-03
-3.125000e-03
5.000000e-03
-2.500000e-03
3.750000e-03
-2.500000e-03
4.375000e-03
3.750000e-03
-1.875000e-03
5.625000e-03
-3.125000e-03
-2.500000e-03
5.000000e-03
-1.875000e-03
3.750000e-03
3.750000e-03
-3.125000e-03
-3.125000e-03
4.375000e-03
-1.875000e-03
6.875000e-03
-3.125000e-03
5.625000e-03
-2.500000e-03
4.375000e-03
3.750000e-03
-3.125000e-03
-1.875000e-03
5.000000e-03
5.000000e-03
-2.500000e-03
5.625000e-03
-6.250000e-04
5.000000e-03
-1.875000e-03
-1.250000e-03
4.375000e-03
4.375000e-03
-2.500000e-03
5.000000e-03
-2.500000e-03
-2.500000e-03
4.375000e-03
5.000000e-03
-1.875000e-03
-3.750000e-03
4.375000e-03
-1.875000e-03
5.000000e-03
-2.500000e-03
5.000000e-03
-1.250000e-03
3.750000e-03
3.750000e-03
-2.500000e-03
-2.500000e-03
4.375000e-03
4.375000e-03
-1.875000e-03
-3.125000e-03
5.000000e-03
3.125000e-03
-1.875000e-03
5.000000e-03
-1.875000e-03
-3.125000e-03
5.625000e-03
-4.375000e-03
5.000000e-03
-3.125000e-03
3.750000e-03
4.375000e-03
-2.500000e-03
5.000000e-03
-1.875000e-03
-2.500000e-03
4.375000e-03
-2.500000e-03
5.000000e-03
-3.125000e-03
4.375000e-03
4.375000e-03
-2.500000e-03
-1.250000e-03
5.000000e-03
5.000000e-03
-2.500000e-03
-3.125000e-03
5.000000e-03
3.750000e-03
-1.875000e-03
-4.375000e-03
5.000000e-03
-2.500000e-03
4.375000e-03
4.375000e-03
-1.875000e-03
-2.500000e-03
5.000000e-03
-1.250000e-03
3.750000e-03
3.125000e-03
-3.750000e-03
-1.875000e-03
5.000000e-03
-1.875000e-03
3.125000e-03
-1.250000e-03
5.000000e-03
5.000000e-03
-1.875000e-03
-1.875000e-03
4.375000e-03
3.750000e-03
-3.125000e-03
5.000000e-03
-3.750000e-03
3.125000e-03
-3.750000e-03
-3.125000e-03
5.000000e-03
-3.750000e-03
5.000000e-03
-6.250000e-04
6.250000e-03
0.000000e+00
7.500000e-03
8.750000e-03
1.250000e-03
7.500000e-03
0.000000e+00
0.000000e+00
7.500000e-03
5.000000e-03
-3.125000e-03
1.875000e-03
-3.750000e-03
1.250000e-03
-5.000000e-03
-5.625000e-03
6.250000e-04
-5.625000e-03
2.500000e-03
4.375000e-03
-3.750000e-03
-6.250000e-04
6.250000e-03
1.250000e-03
6.875000e-03
5.625000e-03
-6.250000e-04
6.250000e-03
-3.125000e-03
-3.125000e-03
3.125000e-03
2.500000e-03
-5.000000e-03
1.875000e-03
-5.625000e-03
-5.625000e-03
3.750000e-03
-3.125000e-03
3.125000e-03
-1.250000e-03
6.250000e-03
7.500000e-03
-1.250000e-03
7.500000e-03
1.250000e-03
6.250000e-03
-6.250000e-04
-2.500000e-03
5.000000e-03
4.375000e-03
-3.125000e-03
1.875000e-03
-3.750000e-03
-4.375000e-03
3.750000e-03
-3.125000e-03
4.375000e-03
-1.875000e-03
4.375000e-03
5.625000e-03
-1.250000e-03
5.625000e-03
-6.250000e-04
5.000000e-03
-1.875000e-03
4.375000e-03
-3.750000e-03
-3.750000e-03
3.125000e-03
-5.000000e-03
2.500000e-03
-5.000000e-03
2.500000e-03
-2.500000e-03
5.000000e-03
-2.500000e-03
5.000000e-03
-1.250000e-03
6.875000e-03
-1.250000e-03
6.250000e-03
5.000000e-03
-1.250000e-03
4.375000e-03
-3.125000e-03
3.750000e-03
-4.375000e-03
-4.375000e-03
1.875000e-03
-4.375000e-03
3.125000e-03
4.375000e-03
-5.000000e-03
-2.500000e-03
4.375000e-03
-1.875000e-03
5.000000e-03
-1.875000e-03
5.625000e-03
6.250000e-03
-1.250000e-03
-1.875000e-03
5.625000e-03
3.750000e-03
-4.375000e-03
-3.125000e-03
4.375000e-03
3.750000e-03
-3.750000e-03
-3.125000e-03
4.375000e-03
4.375000e-03
-1.875000e-03
-2.500000e-03
5.625000e-03
6.250000e-03
-2.500000e-03
-1.875000e-03
6.250000e-03
-3.125000e-03
4.375000e-03
5.000000e-03
-3.750000e-03
3.750000e-03
-3.125000e-03
3.750000e-03
-3.125000e-03
3.125000e-03
-2.500000e-03
-1.875000e-03
4.375000e-03
-3.125000e-03
4.375000e-03
5.000000e-03
-2.500000e-03
5.000000e-03
-2.500000e-03
3.750000e-03
-1.875000e-03
-2.500000e-03
4.375000e-03
-5.000000e-03
4.375000e-03
5.000000e-03
-3.750000e-03
-3.125000e-03
4.375000e-03
3.750000e-03
-2.500000e-03
-2.500000e-03
5.000000e-03
6.250000e-03
-2.500000e-03
3.125000e-03
-3.125000e-03
5.000000e-03
-3.750000e-03
3.125000e-03
-3.125000e-03
3.750000e-03
-3.125000e-03
-2.500000e-03
3.750000e-03
-1.875000e-03
5.000000e-03
-1.875000e-03
4.375000e-03
-2.500000e-03
4.375000e-03
4.375000e-03
-1.875000e-03
4.375000e-03
-2.500000e-03
-1.875000e-03
5.000000e-03
-1.875000e-03
5.625000e-03
-2.500000e-03
5.000000e-03
4.375000e-03
-2.500000e-03
-1.875000e-03
5.625000e-03
-2.500000e-03
4.375000e-03
5.000000e-03
-1.875000e-03
-3.125000e-03
5.000000e-03
-2.500000e-03
5.000000e-03
4.375000e-03
-3.750000e-03
-2.500000e-03
3.125000e-03
-2.500000e-03
5.625000e-03
-2.500000e-03
5.000000e-03
4.375000e-03
-1.875000e-03
5.000000e-03
-1.875000e-03
3.125000e-03
-3.750000e-03
4.375000e-03
-3.125000e-03
-3.125000e-03
5.625000e-03
-3.750000e-03
3.125000e-03
-2.500000e-03
3.750000e-03
-3.125000e-03
3.750000e-03
3.750000e-03
-3.125000e-03
4.375000e-03
-3.125000e-03
5.000000e-03
-2.500000e-03
-1.875000e-03
3.750000e-03
4.375000e-03
-1.875000e-03
-2.500000e-03
5.000000e-03
3.750000e-03
-3.750000e-03
-1.875000e-03
5.000000e-03
-2.500000e-03
4.375000e-03
5.000000e-03
-3.750000e-03
-1.250000e-03
5.000000e-03
-1.875000e-03
5.625000e-03
3.750000e-03
-1.875000e-03
-3.125000e-03
3.125000e-03
-3.125000e-03
4.375000e-03
-2.500000e-03
3.750000e-03
-2.500000e-03
5.000000e-03
2.500000e-03
-2.500000e-03
4.375000e-03
-1.562500e-02
-1.562500e-02
-1.062500e-02
-1.625000e-02
-1.125000e-02
-1.562500e-02
3.062500e-02
2.312500e-02
3.375000e-02
3.437500e-02
-1.062500e-02
-6.250000e-03
-1.437500e-02
-8.750000e-03
-1.562500e-02
-1.562500e-02
3.062500e-02
2.375000e-02
3.312500e-02
3.375000e-02
-1.250000e-02
-6.875000e-03
-1.375000e-02
-1.000000e-02
-1.625000e-02
-1.500000e-02
2.812500e-02
2.187500e-02
3.125000e-02
3.187500e-02
-1.250000e-02
-9.374999e-03
-1.500000e-02
-1.062500e-02
-1.562500e-02
-1.562500e-02
2.687500e-02
2.312500e-02
3.250000e-02
3.187500e-02
-1.312500e-02
-8.750000e-03
-1.437500e-02
-1.000000e-02
-1.812500e-02
-1.500000e-02
2.750000e-02
2.250000e-02
3.187500e-02
3.000000e-02
-1.250000e-02
-9.374999e-03
-1.625000e-02
-1.187500e-02
-1.625000e-02
-1.562500e-02
2.750000e-02
2.187500e-02
3.125000e-02
3.187500e-02
-1.312500e-02
-9.374999e-03
-1.562500e-02
-1.062500e-02
-1.687500e-02
-1.625000e-02
2.687500e-02
3.062500e-02
2.062500e-02
3.062500e-02
-1.437500e-02
-1.000000e-02
-1.625000e-02
-1.062500e-02
-1.687500e-02
-1.750000e-02
2.812500e-02
2.937500e-02
2.062500e-02
3.187500e-02
-1.375000e-02
-1.000000e-02
-1.562500e-02
-1.000000e-02
-1.750000e-02
-1.562500e-02
2.875000e-02
2.125000e-02
3.125000e-02
3.062500e-02
-1.375000e-02
-9.374999e-03
-1.500000e-02
-1.250000e-02
-1.750000e-02
-1.750000e-02
2.750000e-02
2.062500e-02
2.937500e-02
3.000000e-02
-1.312500e-02
-1.000000e-02
-1.625000e-02
-1.062500e-02
-1.875000e-02
-1.750000e-02
2.687500e-02
2.125000e-02
2.875000e-02
3.000000e-02
-1.437500e-02
-1.000000e-02
-1.750000e-02
-1.312500e-02
-1.750000e-02
-1.812500e-02
2.562500e-02
1.937500e-02
3.000000e-02
3.000000e-02
-1.375000e-02
-1.062500e-02
-1.750000e-02
-1.187500e-02
-1.812500e-02
-1.812500e-02
2.625000e-02
2.875000e-02
2.062500e-02
3.187500e-02
-1.437500e-02
-1.000000e-02
-1.687500e-02
-1.187500e-02
-2.000000e-02
-1.937500e-02
2.562500e-02
1.937500e-02
2.937500e-02
2.750000e-02
-1.437500e-02
-1.062500e-02
-1.750000e-02
-1.187500e-02
-1.812500e-02
-1.625000e-02
2.437500e-02
1.937500e-02
2.812500e-02
2.812500e-02
-1.375000e-02
-1.125000e-02
-1.625000e-02
-1.312500e-02
-1.937500e-02
-1.750000e-02
2.437500e-02
1.750000e-02
2.812500e-02
2.750000e-02
-1.500000e-02
-1.125000e-02
-1.750000e-02
-1.187500e-02
-1.937500e-02
-1.750000e-02
2.375000e-02
2.000000e-02
2.750000e-02
2.875000e-02
-1.437500e-02
-1.125000e-02
-1.687500e-02
-1.812500e-02
-1.375000e-02
-1.625000e-02
2.250000e-02
1.812500e-02
2.750000e-02
2.875000e-02
-1.437500e-02
-1.125000e-02
-1.687500e-02
-1.375000e-02
-1.937500e-02
-1.812500e-02
2.500000e-02
2.812500e-02
1.687500e-02
2.750000e-02
-1.500000e-02
-1.125000e-02
-1.687500e-02
-1.312500e-02
-1.937500e-02
-1.937500e-02
2.312500e-02
1.750000e-02
2.625000e-02
2.750000e-02
-1.625000e-02
-1.187500e-02
-1.750000e-02
-1.375000e-02
-1.875000e-02
-1.875000e-02
2.312500e-02
1.812500e-02
2.687500e-02
2.875000e-02
-1.562500e-02
-1.062500e-02
-1.812500e-02
-1.375000e-02
-1.937500e-02
-1.875000e-02
2.437500e-02
1.875000e-02
2.750000e-02
2.750000e-02
-1.437500e-02
-1.187500e-02
-1.750000e-02
-1.375000e-02
-1.875000e-02
-2.000000e-02
2.562500e-02
2.687500e-02
1.687500e-02
2.937500e-02
-1.687500e-02
-1.187500e-02
-1.750000e-02
-1.312500e-02
-1.937500e-02
-1.875000e-02
2.250000e-02
2.562500e-02
1.750000e-02
2.562500e-02
-1.500000e-02
-1.062500e-02
-1.750000e-02
-1.437500e-02
-2.125000e-02
-2.000000e-02
2.375000e-02
1.562500e-02
2.625000e-02
2.687500e-02
-1.562500e-02
-1.812500e-02
-1.125000e-02
-1.437500e-02
-2.000000e-02
-2.062500e-02
2.500000e-02
1.562500e-02
2.625000e-02
2.625000e-02
-1.562500e-02
-1.187500e-02
-1.750000e-02
-1.375000e-02
-2.062500e-02
-1.812500e-02
2.062500e-02
1.687500e-02
2.562500e-02
2.875000e-02
-1.562500e-02
-1.250000e-02
-1.812500e-02
-1.375000e-02
-2.000000e-02
-1.875000e-02
2.125000e-02
1.562500e-02
2.625000e-02
2.562500e-02
-1.500000e-02
-1.312500e-02
-1.812500e-02
-1.500000e-02
-2.062500e-02
-1.937500e-02
2.500000e-02
1.625000e-02
2.625000e-02
2.500000e-02
-1.437500e-02
-1.187500e-02
-1.812500e-02
-1.937500e-02
-1.312500e-02
-1.875000e-02
2.125000e-02
1.562500e-02
2.625000e-02
2.687500e-02
-1.562500e-02
-1.187500e-02
-1.812500e-02
-2.000000e-02
-1.375000e-02
-2.000000e-02
2.250000e-02
1.562500e-02
2.562500e-02
2.750000e-02
-1.625000e-02
-1.250000e-02
-1.812500e-02
-1.437500e-02
-2.000000e-02
-2.000000e-02
1.937500e-02
1.562500e-02
2.437500e-02
2.375000e-02
-1.687500e-02
-1.875000e-02
-1.312500e-02
-1.500000e-02
-2.000000e-02
-2.062500e-02
2.375000e-02
1.500000e-02
2.562500e-02
2.437500e-02
-1.625000e-02
-1.312500e-02
-1.937500e-02
-1.500000e-02
-2.187500e-02
-2.062500e-02
2.187500e-02
1.437500e-02
2.375000e-02
2.500000e-02
-1.625000e-02
-1.312500e-02
-1.937500e-02
-1.562500e-02
-2.000000e-02
-1.937500e-02
2.062500e-02
1.375000e-02
2.687500e-02
2.500000e-02
-1.625000e-02
-1.250000e-02
-2.000000e-02
-1.937500e-02
-1.437500e-02
-2.062500e-02
2.062500e-02
1.437500e-02
2.437500e-02
2.375000e-02
-1.687500e-02
-1.375000e-02
-1.812500e-02
-1.500000e-02
-2.187500e-02
-1.937500e-02
2.250000e-02
1.437500e-02
2.437500e-02
2.375000e-02
-1.750000e-02
-1.250000e-02
-1.875000e-02
-1.625000e-02
-2.062500e-02
-2.000000e-02
2.000000e-02
1.312500e-02
2.312500e-02
2.500000e-02
-1.625000e-02
-1.375000e-02
-1.812500e-02
-1.562500e-02
-2.062500e-02
-2.062500e-02
2.000000e-02
1.500000e-02
2.437500e-02
2.250000e-02
-1.750000e-02
-1.375000e-02
-1.875000e-02
-1.500000e-02
-2.125000e-02
-1.937500e-02
2.125000e-02
1.500000e-02
2.500000e-02
2.562500e-02
-2.500000e-03
0.000000e+00
-7.500000e-03
-1.250000e-03
-9.374999e-03
-8.125000e-03
-1.875000e-03
-3.125000e-03
-8.750000e-03
-1.125000e-02
-3.125000e-03
-1.062500e-02
-3.125000e-03
-3.125000e-03
-1.000000e-02
-9.374999e-03
-1.875000e-03
-8.125000e-03
-1.250000e-03
-3.125000e-03
-8.125000e-03
-3.125000e-03
-8.750000e-03
-1.000000e-02
-1.875000e-03
-8.750000e-03
-3.125000e-03
-3.125000e-03
-8.750000e-03
-2.500000e-03
-1.062500e-02
-8.750000e-03
-2.500000e-03
-8.125000e-03
-1.875000e-03
-1.875000e-03
-9.374999e-03
-6.250000e-04
-8.125000e-03
-1.875000e-03
-8.750000e-03
-1.875000e-03
-8.125000e-03
-7.500000e-03
-1.250000e-03
-8.750000e-03
-3.125000e-03
-1.875000e-03
-8.750000e-03
-7.500000e-03
-1.875000e-03
-8.125000e-03
-1.875000e-03
-6.250000e-04
-7.500000e-03
-1.250000e-03
-8.750000e-03
-8.125000e-03
-1.875000e-03
-8.750000e-03
-1.875000e-03
-7.500000e-03
-6.250000e-04
0.000000e+00
-8.750000e-03
-7.500000e-03
-1.250000e-03
-2.500000e-03
-9.374999e-03
-6.250000e-04
-7.500000e-03
-9.374999e-03
-6.250000e-04
6.250000e-04
-8.125000e-03
-1.250000e-03
-7.500000e-03
-6.875000e-03
-1.250000e-03
-1.875000e-03
-9.374999e-03
-8.125000e-03
-1.250000e-03
-6.875000e-03
-1.250000e-03
-8.750000e-03
0.000000e+00
-6.250000e-04
-8.125000e-03
-8.750000e-03
-1.250000e-03
-8.125000e-03
-1.250000e-03
-7.500000e-03
-6.250000e-04
-8.125000e-03
1.250000e-03
-1.875000e-03
-7.500000e-03
-6.250000e-04
-8.125000e-03
-6.250000e-04
-8.125000e-03
-6.250000e-04
-8.125000e-03
-6.875000e-03
-6.250000e-04
-7.500000e-03
-6.250000e-04
-6.250000e-04
-7.500000e-03
-7.500000e-03
-1.250000e-03
-7.500000e-03
-1.250000e-03
-6.250000e-04
-6.250000e-03
-6.875000e-03
-6.250000e-04
0.000000e+00
-7.500000e-03
0.000000e+00
-7.500000e-03
-6.250000e-04
-7.500000e-03
-8.125000e-03
0.000000e+00
-6.250000e-04
-8.750000e-03
-7.500000e-03
-1.250000e-03
0.000000e+00
-6.875000e-03
-7.500000e-03
0.000000e+00
0.000000e+00
-6.875000e-03
-1.250000e-03
-6.875000e-03
