23061	23170	23018	23283	22559	22772	22985	22885	23046	22686	23055	23216	22596	22809	23074	22870	23083	22932	23145	23358	23358
23089	22469	23046	22895	23160	23373	23012	23277	22709	22766	23187	22984	23092	22785	23153	23106	22798	22907	23224	22917	22917
23089	22469	23046	22895	23160	23373	23012	23277	22709	22766	23187	22984	23092	22785	23153	23106	22798	22907	23224	22917	22917
22953	23114	22963	23175	22920	22768	22929	23194	22990	23099	22948	23213	22956	22753	22392	22762	22819	23084	22933	23250	23250
22665	22513	22622	22939	22631	22896	22641	22958	22754	22550	22659	22456	22721	22829	22782	22630	22687	22588	22801	22545	22545
45581	45486	45079	45505	45619	45619
10301	10727	10215	10641	10025	10025
46277	45766	46088	45889	44857	44857
46277	45766	46088	45889	44857	44857
46186	46716	46204	45797	45494	45494
45856	45448	45249	45675	45893	45893
45418	45117	45128	45971	45563	45563
45925	44893	45944	45537	45858	45858
-9011	-8585	-8368	-8567	-8245	-8245
45532	45228	45447	44414	44840	44840
45534	45543	46073	45353	46092	46092
-12724	-12819	-12601	-13842	-13312	-13312
45685	45797	46223	45712	46242	46242
46015	45607	45096	45626	45947	45947
22734	22791	23004	22800	22388	22388
22712	22873	23086	22882	23095	23095
22780	22577	22842	23055	22851	22851
22652	23229	23390	22770	22983	22983
22661	22770	22618	22779	23044	22632	22949	22693	23063	22859	22655	22816	22873	22877	23090	22887	23100	22688	22692	22905	22905
23267	23064	22860	23125	23078	22978	23295	23039	23148	23153	22949	23162	22750	23171	23385	23077	23394	23034	22830	23147	23147
22675	22628	22841	22429	22850	22646	22859	23072	22712	22665	22826	22674	22887	22683	22896	23109	22854	22702	22446	22659	22659
22588	23061	22858	23019	22867	22663	22876	22673	22834	22890	22895	23056	22800	22440	22861	22658	22819	22667	22932	23145	23145
23173	22501	22818	22250	22827	22988	22836	23049	23262	22642	22751	22547	22812	22868	22821	22982	22830	22679	22788	22688	22688
22762	22610	22771	22620	22833	22525	22842	22794	22851	22543	22236	22501	22818	22666	22775	23092	22888	22529	22481	22694	22694
22911	23010	22641	22793	23257	23096	23299	22982	22874	23077	22864	23068	45092	23059	23106	23049	22628	-10602	22827	23124	23124
22911	23010	22641	22793	23257	23096	23299	22982	22874	23077	22864	23068	45092	23059	23106	23049	22628	-10602	22827	23124	23124
22911	23010	22641	22793	23257	23096	23299	22982	22874	23077	22864	23068	45092	23059	23106	23049	22628	-10602	22827	23124	23124
22932	22562	22245	22709	22705	22700	22435	23107	22842	23098	22885	22464	22772	22663	22450	23070	22701	23061	22796	22988	22988
22932	22562	22245	22709	22705	22700	22435	23107	22842	23098	22885	22464	22772	22663	22450	23070	22701	23061	22796	22988	22988
22932	22562	22245	22709	22705	22700	22435	23107	22842	23098	22885	22464	22772	22663	22450	23070	22701	23061	22796	22988	22988
22932	22562	22245	22709	22705	22700	22435	23107	22842	23098	22885	22464	22772	22663	22450	23070	22701	23061	22796	22988	22988
22932	22562	22245	22709	22705	22700	22435	23107	22842	23098	22885	22464	22772	22663	22450	23070	22701	23061	22796	22988	22988
22932	22562	22245	22709	22705	22700	22435	23107	22842	23098	22885	22464	22772	22663	22450	23070	22701	23061	22796	22988	22988
22932	22562	22245	22709	22705	22700	22435	23107	22842	23098	22885	22464	22772	22663	22450	23070	22701	23061	22796	22988	22988
22932	22562	22245	22709	22705	22700	22435	23107	22842	23098	22885	22464	22772	22663	22450	23070	22701	23061	22796	22988	22988
22932	22562	22245	22709	22705	22700	22435	23107	22842	23098	22885	22464	22772	22663	22450	23070	22701	23061	22796	22988	22988
22932	22562	22245	22709	22705	22700	22435	23107	22842	23098	22885	22464	22772	22663	22450	23070	22701	23061	22796	22988	22988
22932	22562	22245	22709	22705	22700	22435	23107	22842	23098	22885	22464	22772	22663	22450	23070	22701	23061	22796	22988	22988
22932	22562	22245	22709	22705	22700	22435	23107	22842	23098	22885	22464	22772	22663	22450	23070	22701	23061	22796	22988	22988
22932	22562	22245	22709	22705	22700	22435	23107	22842	23098	22885	22464	22772	22663	22450	23070	22701	23061	22796	22988	22988
22932	22562	22245	22709	22705	22700	22435	23107	22842	23098	22885	22464	22772	22663	22450	23070	22701	23061	22796	22988	22988
22932	22562	22245	22709	22705	22700	22435	23107	22842	23098	22885	22464	22772	22663	22450	23070	22701	23061	22796	22988	22988
22932	22562	22245	22709	22705	22700	22435	23107	22842	23098	22885	22464	22772	22663	22450	23070	22701	23061	22796	22988	22988
22932	22562	22245	22709	22705	22700	22435	23107	22842	23098	22885	22464	22772	22663	22450	23070	22701	23061	22796	22988	22988
22932	22562	22245	22709	22705	22700	22435	23107	22842	23098	22885	22464	22772	22663	22450	23070	22701	23061	22796	22988	22988
22932	22562	22245	22709	22705	22700	22435	23107	22842	23098	22885	22464	22772	22663	22450	23070	22701	23061	22796	22988	22988
22932	22562	22245	22709	22705	22700	22435	23107	22842	23098	22885	22464	22772	22663	22450	23070	22701	23061	22796	22988	22988
22606	22809	22596	23269	22952	22843	23046	22729	22621	22720	22507	23232	23019	22754	22749	22692	22948	22735	23095	22871	22871
22606	22809	22596	23269	22952	22843	23046	22729	22621	22720	22507	23232	23019	22754	22749	22692	22948	22735	23095	22871	22871
22940	22727	22722	23134	22713	22916	22912	22699	22850	22637	22841	23045	22832	23087	22874	22661	22761	22600	22856	22736	22736
22761	23016	22803	23476	23263	22998	23253	23040	23244	22979	22818	23438	23226	23013	23112	22951	23207	22994	22625	23078	23078
22761	23016	22803	23476	23263	22998	23253	23040	23244	22979	22818	23438	23226	23013	23112	22951	23207	22994	22625	23078	23078
22761	23016	22803	23476	23263	22998	23253	23040	23244	22979	22818	23438	23226	23013	23112	22951	23207	22994	22625	23078	23078
8773132	8772919	8772550	8772910	8772645	8772848	8773104	8772787	8773043	8772882	8772669	8772873	8772660	8773280	8773015	8772750	8773058	8772793	8772580	8772876	8772876
24796	24583	24214	24574	24309	24512	24768	24451	24707	24546	24333	24537	24324	24944	24679	24414	24722	24457	24244	24540	24540
24681	24468	24671	24875	24974	24866	24601	24856	24487	24847	24634	24786	25041	24620	24980	24767	24606	24706	24545	24894	24894
24194	24137	24393	24597	24748	24535	24322	24578	24261	24569	24356	24247	24659	24550	24337	24541	24276	24531	24475	24615	24615
24735	24522	24518	24825	24717	24920	24707	24494	24646	24485	24064	24892	24627	24727	24670	24457	24400	24448	24651	24375	24375
7151818	6766904	6383031	5998951	5614870	5230164	4845458	4461482	4076672	3691758	3307885	2923908	2539827	2155122	1770312	1386335	1001525	617444	233052	-151052	-151052
45799	45373	45051	45354	45761	45335	44909	46150	45724	45194	45393	45280	45687	45261	44731	45763	45545	45744	45840	46016	46016
46126	45700	44962	45473	45151	45455	45237	45540	45843	45626	45825	45607	45077	45588	45058	45361	45977	45551	45958	45719	45719
46126	45700	44962	45473	45151	45455	45237	45540	45843	45626	45825	45607	45077	45588	45058	45361	45977	45551	45958	45719	45719
45709	45283	45586	45994	46297	46079	45549	45956	45635	45000	45512	45711	46431	46005	45475	45778	45456	45967	45437	46031	46031
45613	45500	44866	46419	45993	45775	45870	45548	45747	45530	45937	46344	45918	46326	45587	46203	45777	45455	45133	45623	45623
46350	45924	45498	46739	45792	46408	46190	45868	45651	45850	45738	46456	46239	46438	46220	45586	46097	45671	46183	45943	45943
3871413	3663304	3455196	3247503	3039342	2831182	2623177	2415433	2206959	1999215	1791106	1583414	1375357	1167196	959556	751395	543286	335229	127016	-149119	-149119
3871413	3663304	3455196	3247503	3039342	2831182	2623177	2415433	2206959	1999215	1791106	1583414	1375357	1167196	959556	751395	543286	335229	127016	-149119	-149119
23413	23304	23196	23503	23342	23182	23177	23433	22959	23215	23106	23414	23357	23196	23556	23395	23286	23229	23016	23105	23105
23342	23389	23280	23172	22906	22850	22845	23569	23461	23195	23087	23134	22973	22916	23120	23480	23423	23314	23205	23607	23607
23352	23347	23186	23077	22968	23120	23219	23475	23314	22893	23201	22935	22827	23239	23026	23437	23277	23272	23111	23565	23565
23198	22985	22928	23132	22919	22914	23378	23217	23109	23000	22943	23251	23038	23450	23341	23128	23123	23014	22906	23255	23255
23228	23223	23115	23370	23262	23049	23096	23404	23295	23186	23077	23385	23276	23167	23475	23366	23257	23044	22936	22816	22816
23123	23483	23374	23265	23157	23048	22938	23246	23450	23341	23232	23176	22964	22959	22902	23626	23465	23408	23143	23180	23180
23367	23258	23149	23301	23348	23135	23547	23282	23329	23116	23111	23419	23258	23202	23509	23296	23292	22974	22970	23371	23371
23313	23257	23148	23456	23347	23238	22817	23437	23328	23219	23110	23366	23309	23200	23091	23295	23238	23025	23437	23370	23370
22826	22717	22869	23334	23172	22959	22955	22741	22788	23096	22935	23243	23186	23026	22969	22860	22751	22902	22950	22882	22882
22925	22869	22760	23068	23375	23266	23158	22945	22940	22727	22722	23394	23234	23229	23120	23011	22850	22793	22632	23034	23034
22925	22869	22760	23068	23375	23266	23158	22945	22940	22727	22722	23394	23234	23229	23120	23011	22850	22793	22632	23034	23034
23407	23194	23085	23132	23023	23279	23118	23530	23421	23208	23151	23095	23767	23293	23133	23440	23279	23118	23166	23567	23567
45768	46071	45437	45323	45730	45096	45608	46119	45381	45996	45362	46082	45656	44918	45429	45940	46139	45922	45600	46194	46194
45801	46208	45678	46189	46492	45962	46578	45840	45726	46133	45395	46948	46314	45784	46087	45973	45547	46059	45528	46122	46122
46027	46434	45904	44853	45886	45564	45971	46379	45953	46360	45830	46341	45811	46219	45897	46304	46399	46285	46693	46453	46453
46027	46434	45904	44853	45886	45564	45971	46379	45953	46360	45830	46341	45811	46219	45897	46304	46399	46285	46693	46453	46453
90865	89690	92056	91296	91788	91448	91520	90761	89793	91328	-1447578	-1447578
90865	89690	92056	91296	91788	91448	91520	90761	89793	91328	-1447578	-1447578
181146	179629	181444	179509	177575	178973	-9045051	-9045051
